2013,11,6
2014,04,398
2014,05,774
2014,06,1334
2014,07,2340
2014,08,1893
2014,09,1053
2014,10,630
2014,11,73
1955,09,165
1955,10,64
1956,03,8
1956,04,9
1956,05,168
1956,06,241
1956,07,293
1956,08,210
1956,09,135
1956,10,35
1957,03,3
1957,04,40
1957,05,127
1957,06,191
1957,07,310
1957,08,260
1957,09,106
1957,10,17
1958,04,11
1958,05,109
1958,06,248
1958,07,299
1958,08,266
1958,09,150
1958,10,76
1959,04,36
1959,05,154
1959,06,258
1959,07,312
1959,08,268
1959,09,141
1959,10,19
1960,03,1
1960,04,26
1960,05,188
1960,06,290
1960,07,301
1960,08,272
1960,09,163
1960,10,6
1961,03,23
1961,04,109
1961,05,276
1961,06,516
1961,07,545
1961,08,449
1961,09,317
1961,10,209
1962,04,35
1962,05,139
1962,06,438
1962,07,517
1962,08,435
1962,09,181
1962,10,106
1963,04,34
1963,05,309
1963,06,497
1963,07,532
1963,08,524
1963,09,315
1963,10,65
1964,03,3
1964,04,98
1964,05,335
1964,06,353
1964,07,502
1964,08,436
1964,09,257
1964,10,64
1965,03,10
1965,04,59
1965,05,244
1965,06,533
1965,07,505
1965,08,479
1965,09,392
1965,10,92
1966,04,21
1966,05,262
1966,06,526
1966,07,488
1966,08,497
1966,09,288
1966,10,20
1967,03,3
1967,04,54
1967,05,230
1967,06,478
1967,07,557
1967,08,531
1967,09,350
1967,10,88
1968,03,3
1968,04,157
1968,05,181
1968,06,524
1968,07,539
1968,08,468
1968,09,281
1968,10,43
1969,04,38
1969,05,299
1969,06,503
1969,07,584
1969,08,534
1969,09,291
1969,10,134
1970,05,322
1970,06,539
1970,07,579
1970,08,517
1970,09,287
1970,10,56
1971,04,22
1971,05,342
1971,06,483
1971,07,541
1971,08,470
1971,09,272
1971,10,96
1971,11,14
1972,03,2
1972,04,11
1972,05,285
1972,06,515
1972,07,594
1972,08,494
1972,09,232
1972,10,82
1973,03,16
1973,04,18
1973,05,371
1973,06,725
1973,07,870
1973,08,704
1973,09,309
1973,10,67
1974,03,42
1974,04,190
1974,05,513
1974,06,645
1974,07,757
1974,08,743
1974,09,516
1975,04,92
1975,05,449
1975,06,621
1975,07,822
1975,08,805
1975,09,581
1975,10,128
1976,03,8
1976,04,58
1976,05,504
1976,06,789
1976,07,900
1976,08,777
1976,09,305
1976,10,47
1977,04,25
1977,05,429
1977,06,745
1977,07,635
1977,08,731
1977,09,337
1977,10,79
1977,11,4
1978,04,30
1978,05,407
1978,06,731
1978,07,688
1978,08,678
1978,09,277
1978,10,100
1978,11,28
1979,04,29
1979,05,392
1979,06,759
1979,07,717
1979,08,642
1979,09,449
1979,10,75
2000,08,1396
2000,09,899
2000,10,744
2001,05,849
2001,06,1318
2001,07,1707
2001,08,1608
2001,09,1124
2001,10,641
2002,04,272
2002,05,1154
2002,06,1613
2002,07,1741
2002,08,1757
2002,09,898
2003,04,303
2003,05,846
2003,06,1586
2003,07,1810
2003,08,1528
2003,09,1014
2003,10,102
2004,04,349
2004,05,857
2004,06,1311
2004,07,1581
2004,08,1654
2004,09,1086
2004,10,73
2004,11,13
2005,04,322
2005,05,636
2005,06,1276
2005,07,1664
2005,08,1572
2005,09,1083
2005,10,264
2005,11,137
2006,04,97
2006,05,729
2006,06,1512
2006,07,1759
2006,08,1762
2006,09,1378
2006,10,387
2006,11,9
2007,04,434
2007,05,971
2007,06,1473
2007,07,1691
2007,08,1468
2007,09,844
2007,10,212
2008,04,316
2008,05,887
2008,06,1320
2008,07,1597
2008,08,1618
2008,09,734
2008,10,226
2009,04,460
2009,05,852
2009,06,1193
2009,07,1858
2009,08,1655
2009,09,1120
2009,11,17
2010,04,248
2010,05,1114
2010,06,1838
2010,07,2279
2010,08,2182
2010,09,1093
2010,10,132
2011,04,739
2011,05,980
2011,06,2142
2011,07,2393
2011,08,2161
2011,09,1518
2011,10,364
2011,11,71
2012,03,198
2012,04,98
2012,05,999
2012,06,1580
2012,07,2317
2012,08,2027
2012,09,985
2012,10,143
2013,06,1988
2013,07,2267
2013,08,2027
2013,09,865
2013,10,501
1980,07,872
1980,08,718
1980,09,503
1980,10,25
1981,03,7
1981,04,59
1981,05,506
1981,06,581
1981,07,765
1981,08,657
1981,09,414
1981,10,96
1982,03,24
1982,04,72
1982,05,341
1982,06,550
1982,07,711
1982,08,670
1982,09,463
1982,10,63
1983,04,66
1983,05,411
1983,06,542
1983,07,673
1983,08,663
1983,09,449
1983,10,105
1983,11,8
1984,04,119
1984,05,503
1984,06,562
1984,07,596
1984,08,560
1984,09,256
1984,10,165
1984,11,29
1985,04,8
1985,05,468
1985,06,658
1985,07,715
1985,08,823
1985,09,344
1985,10,232
1986,04,31
1986,05,455
1986,06,785
1986,07,822
1986,08,529
1986,09,234
1986,10,77
1987,04,108
1987,05,296
1987,06,526
1987,07,744
1987,08,558
1987,09,360
1987,10,125
1988,04,35
1988,05,547
1988,06,879
1988,07,864
1988,08,834
1988,09,564
1988,10,45
1989,04,83
1989,05,437
1989,06,609
1989,07,617
1989,08,612
1989,09,459
1989,10,71
1990,03,59
1990,04,153
1990,05,410
1990,06,703
1990,07,663
1990,08,733
1990,09,312
1990,10,118
1991,03,11
1991,04,77
1991,05,363
1991,06,449
1991,07,691
1991,08,738
1991,09,385
1991,10,48
1992,04,25
1992,05,499
1992,06,708
1992,07,667
1992,08,702
1992,09,330
1992,10,46
1993,04,113
1993,05,485
1993,06,469
1993,07,513
1993,08,573
1993,09,212
1993,10,29
1994,04,115
1994,05,418
1994,06,578
1994,07,734
1994,08,608
1994,09,295
1994,10,59
1995,04,37
1995,05,307
1995,06,671
1995,07,623
1995,08,1040
1995,09,726
1995,10,506
1996,04,197
1996,05,384
1996,06,1135
1996,07,1207
1996,08,1332
1996,09,442
1996,10,195
1996,11,27
1997,03,41
1997,04,116
1997,05,545
1997,06,1483
1997,07,1756
1997,08,1818
1997,09,925
1997,10,79
1998,04,176
1998,05,776
1998,06,1245
1998,07,1615
1998,08,1558
1998,09,1132
1998,10,63
1999,04,298
1999,05,682
1999,06,1655
1999,07,1689
1999,08,1450
1999,09,1542
1999,10,149
1999,11,61
2000,03,40
2000,04,276
2000,05,938
2000,06,1352
2000,07,1656
2001,04,57
2001,11,7
2002,03,37
2003,03,81
2003,11,3
2004,03,57
2005,03,73
2007,03,115
2007,11,10
2009,10,14
2010,03,9
2011,03,33
2012,02,4
2013,04,136
2013,05,1531
2014,03,102
1980,04,90
1980,05,366
1980,06,628
1989,11,3
1990,02,2
2002,10,16
1961,11,1
1972,11,2
1974,10,5
1970,04,1
1975,11,1
1976,02,2
1982,11,1
1984,03,1
1989,02,1
1989,03,1
1993,03,1
1995,03,1
1998,02,2
1998,03,3
1950,03,1
1950,04,19
1950,05,97
1950,06,171
1950,07,140
1950,08,165
1950,09,86
1950,10,27
1951,04,4
1951,05,67
1951,06,157
1951,07,185
1951,08,190
1951,09,123
1951,10,19
1952,04,42
1952,05,82
1952,06,142
1952,07,189
1952,08,165
1952,09,46
1953,03,4
1953,04,24
1953,05,102
1953,06,157
1953,07,198
1953,08,167
1953,09,72
1953,10,39
1953,12,2
1954,04,2
1954,05,119
1954,06,170
1954,07,202
1954,08,171
1954,09,91
1954,10,8
1955,04,9
1955,05,29
1955,06,134
1955,07,195
1955,08,181
1977,03,1
